Chromosome	Ploidy	Ploidy_rounded	Mean_coverage
contig00001	1.0216346141836323	1	93.5
contig00002	1.0528846147509534	1	96.36000005528331
contig00003	1.0834790194627368	1	99.15999997779727
contig00004	1.1859702797003009	1	108.5400001257658
contig00005	1.069274474708728	1	97.86000004038215
contig00006	1.0122377618684315	1	92.64000007510185
contig00007	1.247596151928534	1	114.17999995872378
contig00008	1.0399912560093678	1	95.17999986186624
contig00009	1.1038024455580082	1	101.01999993622303
contig00010	1.1503496477078325	1	105.2799998819828
contig00011	1.0018575151593543	1	91.68999989517033
contig00012	0.7307692306721658	1	66.88000006973743
contig00013	0.9545454516665252	1	87.35999983921647
contig00014	1.4536713258536698	1	133.0399998985231
contig00015	1.0963723762097943	1	100.33999998867512
contig00016	1.0670891565335225	1	97.65999972075224
contig00017	1.0314685292220898	1	94.39999990537763
contig00018	0.9031905608634256	1	82.66000022739172
contig00019	0.7980769221289742	1	73.03999999910593
contig00020	1.1735139834377442	1	107.39999989047647
contig00021	1.0681818176767104	1	97.76000006869435
contig00022	1.1090472010050059	1	101.49999995529652
contig00023	1.0203234259935097	1	93.38000005669892
contig00024	1.0858828662520061	1	99.38000003620982
contig00025	0.9672202776014671	1	88.519999910146
contig00026	1.2893356640818294	1	118.000000115484
contig00027	1.1149475510660491	1	102.039999993518
contig00028	1.187937061690376	1	108.72000001370907
contig00029	0.8730332164326194	1	79.90000006183982
contig00030	1.2410402068871031	1	113.5799998678267
contig00031	0.788680068918271	1	72.1799999922514
contig00032	1.1044580399074737	1	101.07999993115664
contig00033	0.8774038435430729	1	80.29999985545874
contig00034	1.066433565827124	1	97.60000005923212
contig00035	1.0725524434032054	1	98.1599997356534
contig00036	1.3315122357427138	1	121.85999995842576
contig00037	0.9600087407749642	1	87.8600000590086
contig00038	1.0275349627996602	1	94.03999990597367
contig00039	1.0340909092454018	1	94.64000012539327
contig00040	0.9554195805932868	1	87.44000011868775
contig00041	0.9604458025213092	1	87.89999995008111
contig00042	1.0263330398324244	1	93.92999991588295
contig00043	1.0122377607287012	1	92.63999997079372
contig00044	1.0585664340609382	1	96.8800001591444
contig00045	1.2607080407495512	1	115.38000002503395
contig00046	0.9573863610569372	1	87.61999986693263
contig00047	1.3255026202756128	1	121.30999995023012
contig00048	1.0814029704384178	1	98.96999997086823
contig00049	1.182255243845759	1	108.20000004395843
contig00050	0.9831730757721918	1	89.98000000044703
contig00051	0.9809877615453383	1	89.78000004217029
contig00052	0.7014860133567641	1	64.2000000178814
contig00053	1.1420454541138927	1	104.520000083372
contig00054	1.1252185323080117	1	102.98000019788742
contig00055	0.8524912585890254	1	78.02000007778406
contig00056	0.6864073421386251	1	62.820000026375055
contig00057	0.894012237976382	1	81.82000011578202
contig00058	0.8651660835470556	1	79.18000005930662
contig00059	0.8883304178930087	1	81.29999994114041
contig00060	1.0009833919108924	1	91.61000013537705
contig00061	0.7215909090876712	1	66.04000007733703
contig00062	0.892919576833194	1	81.71999976783991
contig00063	0.8994755235435159	1	82.3200000114739
contig00064	0.9851398593904532	1	90.16000003740191
contig00065	0.8779501738704389	1	80.35000000707805
contig00066	0.7869318167633996	1	72.01999995484948
contig00067	0.9069055931766624	1	82.99999998509884
contig00068	1.1082823405982083	1	101.4299999307841
contig00069	1.2049825151224658	1	110.27999991364777
contig00070	0.9715909096778887	1	88.92000015825033
contig00071	1.0321241249962183	1	94.46000003069639
contig00072	0.7202797202869788	1	65.92000007815659
contig00073	0.8212412563528133	1	75.15999986976385
contig00074	1.0267701032680128	1	93.969999961555
contig00075	1.0332167826795102	1	94.56000006198883
contig00076	1.2787368868252171	1	117.03000001981854
contig00077	1.0548513960083448	1	96.53999987617135
contig00078	1.206293705144298	1	110.40000002458692
contig00079	0.9519230762224872	1	87.12000003829598
contig00080	0.8243006975729573	1	75.43999993056059
contig00081	0.8366477273100784	1	76.57000009343028
contig00082	0.9451485987000499	1	86.49999985471368
contig00083	1.102928319012469	1	100.93999987468123
contig00084	1.1678321659187643	1	106.87999995052814
contig00085	0.8481206284257227	1	77.62000000476837
contig00086	0.840034963221971	1	76.87999992445111
contig00087	0.947333914941784	1	86.6999999973923
contig00088	0.8402534958250915	1	76.9000000283122
contig00089	0.93924824971768	1	85.95999991521239
contig00090	1.2164554177034776	1	111.32999995909631
contig00091	1.0041520954231877	1	91.89999988116324
contig00092	0.8194930070879727	1	75.00000009685755
contig00093	0.7419143350608286	1	67.90000002458692
contig00094	0.6532998246616494	1	59.79000002332032
contig00095	1.0714597897293223	1	98.06000007130206
contig00096	0.6126529723896973	1	56.070000099018216
contig00097	0.9784746504286846	1	89.55000011250377
contig00098	1.473339157925113	1	134.83999989181757
contig00099	1.0319055917418232	1	94.43999986723065
contig00100	0.8251748243220199	1	75.52000001072884
contig00101	1.0789991233642158	1	98.74999988637865
contig00102	0.9484265699589208	1	86.79999978467822
contig00103	1.1944930051443252	1	109.31999995931983
contig00104	0.9302884601664406	1	85.13999997451901
contig00105	0.8697552445631785	1	79.60000007599592
contig00106	0.8481206296061577	1	77.62000011280179
contig00107	0.8264860124917901	1	75.63999995216727
contig00108	0.8922639841526196	1	81.6599999256432
contig00109	1.410620628318873	1	129.10000005550683
contig00110	0.8842875863494539	1	80.92999999783933
contig00111	0.8763111879357184	1	80.2000000141561
contig00112	0.7902097879612137	1	72.31999987922609
contig00113	0.7553540197947343	1	69.12999997287989
contig00114	1.004916957600638	1	91.97000006772578
contig00115	1.2537150337989569	1	114.7400000281632
contig00116	0.7362325174807918	1	67.38000007905066
contig00117	0.9045017461431651	1	82.77999990433455
contig00118	0.7066215011793001	1	64.6699998639524
contig00119	0.7979676563362222	1	73.02999999374151
contig00120	0.470716783905738	0	43.08000011369586
contig00121	1.3495410834669184	1	123.51000010408461
contig00122	0.866695803872195	1	79.32000006362796
contig00123	1.0501529708480084	1	96.11000000499189
contig00124	1.0124562914187025	1	92.65999989956617
contig00125	0.9495192305729482	1	86.90000008419156
contig00126	0.7574300694906803	1	69.32000004127622
contig00127	1.0949519207208473	1	100.20999990217388
contig00128	0.7856206275760129	1	71.89999992027879
contig00129	1.0021853147967188	1	91.7200001180172
contig00130	0.7600524477026349	1	69.56000009551644
contig00131	0.9746503479672974	1	89.19999995082617
contig00132	1.0686188801557392	1	97.80000002682209
contig00133	0.8708479008828645	1	79.69999998249114
contig00134	0.9075611872818998	1	83.0599999576807
contig00135	1.0386800680024162	1	95.05999993532896
contig00136	0.9643793700427645	1	88.2600000500679
contig00137	0.7661713281483948	1	70.1200000345707
contig00138	0.6860795463071462	1	62.79000015184283
contig00139	0.8153409090393344	1	74.62000008299947
contig00140	0.9949737734112943	1	91.05999984964728
contig00141	0.8749999982598758	1	80.07999993488193
contig00142	1.009396851216175	1	92.3799999319017
contig00143	0.7244318167684877	1	66.299999948591
contig00144	0.6716564685226177	1	61.47000007145107
contig00145	0.8406905569201619	1	76.93999985978007
contig00146	1.0445804167812627	1	95.5999998562038
contig00147	0.8171984255622947	1	74.78999999538064
contig00148	0.8918269221213421	1	81.62000000849366
contig00149	0.8084571652356892	1	73.98999984934926
contig00150	0.8257211520035831	1	75.56999992020428
contig00151	0.7207167813820492	1	65.95999990962446
contig00152	1.0543050691612268	1	96.49000004306436
contig00153	1.2638767478845614	1	115.67000010237098
contig00154	0.7972027965196421	1	72.96000002324581
contig00155	0.8099868871076057	1	74.12999999523163
contig00156	1.0258959771905771	1	93.88999994285405
contig00157	0.687499999007824	1	62.91999998316169
contig00158	0.5847902106039471	1	53.520000137388706
contig00159	0.9667832153259616	1	88.47999997064471
contig00160	1.1274038455172488	1	103.18000006303191
contig00161	0.5804195800743025	1	53.120000030845404
contig00162	0.44383741346101496	0	40.62000012770295
contig00163	0.9746503480487068	1	89.19999995827675
contig00164	0.5500437047296192	1	50.33999991603196
contig00165	0.9879807682517048	1	90.4200000166893
contig00166	0.9736669562599284	1	89.10999994166195
contig00167	1.0240384591818967	1	93.71999989449978
contig00168	0.6820367112222862	1	62.419999884441495
contig00169	0.7662805935137479	1	70.13000000081956
contig00170	1.125218530537359	1	102.98000003583729
contig00171	0.912696677831648	1	83.53000005334616
contig00172	0.9252622376889054	1	84.68000009283423
contig00173	0.9494099637625798	1	86.88999998569489
contig00174	0.9031905581769182	1	82.65999998152256
contig00175	0.4278846134992852	0	39.15999987348914
contig00176	0.561844405116286	1	51.4200000166893
contig00177	0.9484265701624441	1	86.79999980330467
contig00178	1.0218531447515198	1	93.51999991759658
contig00179	1.3175262178931733	1	120.57999960333109
contig00180	0.8942307688699068	1	81.84000006318092
contig00181	0.5002185308324678	1	45.77999999560416
contig00182	0.4772727275632105	0	43.68000007793307
contig00183	0.6492569920597736	1	59.41999998316169
contig00184	0.6328671325090457	1	57.92000003531575
contig00185	0.6609484262466419	1	60.49000004120171
contig00186	1.0487325159085743	1	95.97999996878207
contig00187	0.7189685314455817	1	65.80000007525086
contig00188	1.214597901160165	1	111.1600000448525
contig00189	0.6190996499898376	1	56.660000033676624
contig00190	0.9084353135018018	1	83.13999998942018
contig00191	1.0211975508498057	1	93.45999996364117
contig00192	0.9556381115885733	1	87.46000007539988
contig00193	0.7011582149405393	1	64.16999990679324
contig00194	0.7961101384089512	1	72.85999995283782
contig00195	1.0072115382918705	1	92.18000009283423
contig00196	1.1020541928739764	1	100.85999985039234
contig00197	1.1048951029563676	1	101.11999994143844
contig00198	0.8675699294001178	1	79.4000000320375
contig00199	0.7261800686587788	1	66.45999996177852
contig00200	0.8011363621279786	1	73.31999994814396
contig00201	0.9134615387879585	1	83.60000012814999
contig00202	0.9635052433344067	1	88.17999997362494
